%YAML:1.0
---
camera_matrix: !!opencv-matrix
   rows: 3
   cols: 3
   dt: d
   data: [ 1.2144812900494458e+03, 0., 9.5577634107821120e+02, 0.,
       1.2141723590646022e+03, 5.4322212983896748e+02, 0., 0., 1. ]
dist_coeffs: !!opencv-matrix
   rows: 1
   cols: 5
   dt: d
   data: [ -1.8929363747758332e-03, -1.0464274684582608e-02,
       1.7820739404729353e-03, -1.4204332212992406e-04,
       -1.7200190618048453e-01 ]
rms: 9.9761856463901089e-01
square_size_mm: 2.2500000000000000e+01
